ID     SSSSSSSS.mmmuuun  CH  RISE  COUN  ENER  DURATION AMP A-FRQ    RMS ASL PCNTS THR R-FRQ I-FRQ SIG-STRNGTH  ABS-ENERGY FRQ-C P-FRQ
  1          724.4512788   1     0     1     0         0  35     0 0.0008  22     1  35     0  1000   6.100E+00  80.066E-03   822     4
  1          940.7004075   1     0     1     0         0  35     0 0.0008  22     1  35     0  1000  18.300E+00 153.429E-03   828     4
  1         1478.6496620   1     0     1     0         0  35     0 0.0008  22     1  35     0  1000   0.000E+00   0.000E+00   833     4
  1         2026.0059383   1     0     1     0         2  40   500 0.0008  22     1  35     0  1000 158.600E+00   1.585E+00   708     4
  1         2995.5538395   1     0     1     0         2  41   500 0.0008  22     1  35     0  1000 201.300E+00   2.268E+00   682     4
  1         3044.4512343   1     0     1     0         0  35     0 0.0008  22     1  35     0  1000   0.000E+00   0.000E+00   835     4
  1         4156.0834690   1     0     1     0         2  37   500 0.0008  22     1  35     0  1000 103.700E+00 783.343E-03   777     4
  1         4560.3291443   1     0     1     0        15  48    67 0.0008  22     1  35     0  1000   1.077E+03  13.196E+00   549     4
  1         4688.0329938   1     0     1     0         0  35     0 0.0008  22     1  35     0  1000   9.150E+00  80.066E-03   820     4
  1         6484.1916438   1     0     1     0        17  50    59 0.0008  22     1  35     0  1000   1.382E+03  18.976E+00   530    24
  1        10832.2407020   1     0     1     0         2  40   500 0.0008  22     1  35     0  1000 170.800E+00   1.844E+00   690     4
  1        11764.4499535   1     0     1     0        17  47    59 0.0010  23     1  35     0  1000   1.235E+03  13.356E+00   558     4
  1        12258.3341498   1     0     1     0         0  35     0 0.0008  22     1  35     0  1000   0.000E+00   0.000E+00   808     4
  1        14353.8450637   1     0     1     0         0  35     0 0.0010  23     1  35     0  1000   0.000E+00   0.000E+00   830     4
  1        15858.3910155   1     0     1     0         0  35     0 0.0008  22     1  35     0  1000   9.150E+00 107.251E-03   763     4
  1        16175.4588995   1     0     1     0         2  37   500 0.0010  23     1  35     0  1000 109.800E+00 864.713E-03   745     4
  1        16811.0948838   1     0     1     0         2  39   500 0.0008  23     1  35     0  1000 161.650E+00   1.559E+00   709     4
  1        16930.9742598   1     0     1     0         0  35     0 0.0010  23     1  35     0  1000   9.150E+00  72.618E-03   814     4
  1        17131.4570323   1     0     1     0         0  35     0 0.0008  22     1  35     0  1000   0.000E+00   0.000E+00   820     4
  1        18561.0136765   1     0     1     0         2  41   500 0.0008  22     1  35     0  1000 176.900E+00   1.972E+00   684     4
  1        20349.6120080   1     0     1     0         0  35     0 0.0008  22     1  35     0  1000  18.300E+00 130.899E-03   840     4
  1        21484.7416627   1     0     1     0         0  35     0 0.0008  22     1  35     0  1000  18.300E+00 174.469E-03   767     4
  1        23676.8139065   1     0     1     0        14  46    71 0.0008  22     1  35     0  1000 939.400E+00   9.674E+00   574     4
  1        23858.7955965   1     0     1     0         0  35     0 0.0008  22     1  35     0  1000   9.150E+00  90.121E-03   784     4
  1        23973.2204553   1     0     1     0         0  35     0 0.0008  22     1  35     0  1000   0.000E+00   0.000E+00   784     4
  1        24781.9569290   1     0     1     0        12  45    83 0.0008  22     1  35     0  1000 674.050E+00   6.940E+00   593     4
  1        24841.3938535   1     0     1     0         0  36     0 0.0008  22     1  35     0  1000  33.550E+00 294.941E-03   798     4
  1        25237.6192698   1     0     1     0        15  43    67 0.0008  22     1  35     0  1000 768.600E+00   5.880E+00   627     4
  1        25692.5312378   1     0     1     0         0  35     0 0.0008  22     1  35     0  1000  18.300E+00 153.429E-03   815     4
  1        25945.2855868   1     0     1     0         1  39  1000 0.0008  22     1  35     0  1000 112.850E+00   1.176E+00   719     4
  1        26725.0269060   1     0     1     0         0  35     0 0.0010  23     1  35     0  1000   9.150E+00 105.017E-03   818     4
  1        27043.3913068   1     0     1     0         0  35     0 0.0008  23     1  35     0  1000   0.000E+00   0.000E+00   848     4
  1        27045.4769087   1     0     1     0         0  36     0 0.0010  23     1  35     0  1000  21.350E+00 213.385E-03   781     4
  1        28507.6667018   1    29     2     0        29  36    69 0.0008  22     2  35     0    68   1.003E+03   4.806E+00   622    39
  1        28561.0321457   1     0     1     0         2  43   500 0.0008  22     1  35     0  1000 240.950E+00   3.362E+00   626     4
  1        29343.1663952   1     1     2     0       113  37    18 0.0008  22     1  35     9  1000   3.450E+03  15.274E+00   669    19
  1        29383.2885855   1     0     1     0         0  35     0 0.0008  22     1  35     0  1000  21.350E+00 168.883E-03   825     4
  1        30006.2645317   1     0     1     0         0  35     0 0.0008  22     1  35     0  1000   9.150E+00  82.114E-03   758     4
  1        31621.0782682   1     0     1     0        19  48    53 0.0008  22     1  35     0  1000   1.461E+03  16.830E+00   549     4
  1        31647.2779078   1     0     1     0         2  44   500 0.0008  22     1  35     0  1000 271.450E+00   4.107E+00   630     4
  1        31665.9181955   1    26     3     1       387  37     8 0.0008  22     2  35     2    76   6.881E+03  23.392E+00   638    43
  1        31991.9438268   1     0     1     0         2  40   500 0.0008  22     1  35     0  1000 164.700E+00   1.736E+00   719     4
  1        32810.2708930   1     0     1     0        12  45    83 0.0008  22     1  35     0  1000 713.700E+00   7.392E+00   593     4
  1        34223.0531860   1     0     1     0         2  38   500 0.0008  22     1  35     0  1000 118.950E+00   1.043E+00   743     4
  1        39566.6790418   1     0     1     0         0  35     0 0.0008  22     1  35     0  1000   0.000E+00   0.000E+00   846     4
  1        39802.4851385   1     0     1     0         2  45   500 0.0008  22     1  35     0  1000 280.600E+00   4.326E+00   615     4
  1        40638.5924265   1     0     1     0         2  42   500 0.0008  22     1  35     0  1000 183.000E+00   2.074E+00   690     4
  1        40968.4667568   1     0     1     0         2  38   500 0.0008  22     1  35     0  1000 134.200E+00   1.143E+00   754     4
  1        41064.3311238   1     0     1     0        10  45   100 0.0010  23     1  35     0  1000 512.400E+00   5.679E+00   611     4
  1        41256.4783042   1     0     1     0         2  40   500 0.0008  22     1  35     0  1000 155.550E+00   1.562E+00   718     4
